target_num, trial_num, angle, target_angle, score, feedback_timing, visible_bool, noise_std, impulse_response
1, 1, -22.086407, 157.500000, 0.988678, 6x, 1, 0.100000, delay
2, 1, -89.133983, 90.000000, 0.964346, 6x, 1, 0.100000, hrf
3, 1, -92.139716, 90.000000, 0.940690, 6x, 1, 0.100000, blur
4, 1, 0.000000, 157.500000, 0.481274, 6x, 0, 0.100000, blur
4, 2, 21.126107, 157.500000, 0.289343, 6x, 0, 0.100000, blur
4, 3, -32.862139, 157.500000, 0.752961, 6x, 0, 0.100000, blur
4, 4, -40.946905, 157.500000, 0.588269, 6x, 0, 0.100000, blur
4, 5, -34.040953, 157.500000, 0.661202, 6x, 0, 0.100000, blur
4, 6, -27.936982, 157.500000, 0.726267, 6x, 0, 0.100000, blur
4, 7, -22.845672, 157.500000, 0.955050, 6x, 0, 0.100000, blur
5, 1, 0.000000, 112.500000, 0.125578, 6x, 0, 0.100000, delay
5, 2, -85.231997, 112.500000, 0.506570, 6x, 0, 0.100000, delay
5, 3, -99.213691, 112.500000, 0.474763, 6x, 0, 0.100000, delay
5, 4, -68.186570, 112.500000, 0.987960, 6x, 0, 0.100000, delay
6, 1, 0.000000, 112.500000, 0.126127, 6x, 0, 0.100000, hrf
6, 2, -88.252053, 112.500000, 0.517645, 6x, 0, 0.100000, hrf
6, 3, -61.217521, 112.500000, 0.779622, 6x, 0, 0.100000, hrf
6, 4, -55.293376, 112.500000, 0.655288, 6x, 0, 0.100000, hrf
6, 5, -66.182242, 112.500000, 0.864793, 6x, 0, 0.100000, hrf
7, 1, 0.000000, 45.000000, 0.251979, 6x, 0, 0.100000, hrf
7, 2, -89.041107, 45.000000, 0.251462, 6x, 0, 0.100000, hrf
7, 3, -55.945982, 45.000000, 0.108974, 6x, 0, 0.100000, hrf
7, 4, -26.916524, 45.000000, 0.139934, 6x, 0, 0.100000, hrf
7, 5, -12.858848, 45.000000, 0.179316, 6x, 0, 0.100000, hrf
7, 6, 32.239358, 45.000000, 0.640122, 6x, 0, 0.100000, hrf
7, 7, 39.270482, 45.000000, 0.935071, 6x, 0, 0.100000, hrf
8, 1, 0.000000, 135.000000, 0.268442, 6x, 0, 0.100000, blur
8, 2, -35.064489, 135.000000, 0.683738, 6x, 0, 0.100000, blur
8, 3, -47.149857, 135.000000, 0.884845, 6x, 0, 0.100000, blur
9, 1, 0.000000, 22.500000, 0.500642, 6x, 0, 0.100000, delay
9, 2, -10.069784, 22.500000, 0.401181, 6x, 0, 0.100000, delay
9, 3, 16.895827, 22.500000, 0.918589, 6x, 0, 0.100000, delay
10, 1, 0.000000, 90.000000, 0.063454, 6x, 0, 0.100000, delay
10, 2, -32.030202, 90.000000, 0.182214, 6x, 0, 0.100000, delay
10, 3, 45.048922, 90.000000, 0.251583, 6x, 0, 0.100000, delay
10, 4, 29.003658, 90.000000, 0.141285, 6x, 0, 0.100000, delay
10, 5, 36.019699, 90.000000, 0.233176, 6x, 0, 0.100000, delay
10, 6, 91.990440, 90.000000, 0.990576, 6x, 0, 0.100000, delay
11, 1, -6.109296, 67.500000, 0.125413, 6x, 0, 0.100000, hrf
11, 2, -92.148030, 67.500000, 0.504551, 6x, 0, 0.100000, hrf
11, 3, -77.128329, 67.500000, 0.416959, 6x, 0, 0.100000, hrf
11, 4, -112.228156, 67.500000, 0.988112, 6x, 0, 0.100000, hrf
12, 1, 0.000000, 67.500000, 0.132632, 6x, 0, 0.100000, blur
12, 2, -89.104889, 67.500000, 0.495987, 6x, 0, 0.100000, blur
12, 3, -118.177802, 67.500000, 0.813769, 6x, 0, 0.100000, blur
12, 4, -125.317348, 67.500000, 0.593240, 6x, 0, 0.100000, blur
12, 5, -110.246923, 67.500000, 0.861396, 6x, 0, 0.100000, blur
13, 1, 0.000000, 135.000000, 0.250810, 6x, 0, 0.100000, delay
13, 2, -89.034602, 135.000000, 0.251402, 6x, 0, 0.100000, delay
13, 3, -47.995159, 135.000000, 0.983254, 6x, 0, 0.100000, delay
14, 1, 0.000000, 135.000000, 0.253089, 6x, 0, 0.100000, hrf
14, 2, 0.000000, 135.000000, 0.252343, 6x, 0, 0.100000, hrf
14, 3, -92.233111, 135.000000, 0.255063, 6x, 0, 0.100000, hrf
14, 4, -128.350713, 135.000000, 0.086513, 6x, 0, 0.100000, hrf
14, 5, -53.262730, 135.000000, 0.873926, 6x, 0, 0.100000, hrf
15, 1, 0.000000, 22.500000, 0.493901, 6x, 0, 0.100000, blur
15, 2, 29.073089, 22.500000, 0.706675, 6x, 0, 0.100000, blur
15, 3, 47.196268, 22.500000, 0.502362, 6x, 0, 0.100000, blur
15, 4, 33.264164, 22.500000, 0.608947, 6x, 0, 0.100000, blur
15, 5, 19.331318, 22.500000, 0.799973, 6x, 0, 0.100000, blur
15, 6, 15.307954, 22.500000, 0.617242, 6x, 0, 0.100000, blur
15, 7, 23.360607, 22.500000, 0.812856, 6x, 0, 0.100000, blur
15, 8, 26.302363, 22.500000, 0.874154, 6x, 0, 0.100000, blur
16, 1, 0.000000, 45.000000, 0.255065, 6x, 0, 0.100000, blur
16, 2, -92.051393, 45.000000, 0.295146, 6x, 0, 0.100000, blur
16, 3, -45.959004, 45.000000, 0.094095, 6x, 0, 0.100000, blur
16, 4, -134.053042, 45.000000, 0.912919, 6x, 0, 0.100000, blur
17, 1, 0.000000, 157.500000, 0.509125, 6x, 0, 0.100000, hrf
17, 2, -40.078717, 157.500000, 0.553330, 6x, 0, 0.100000, hrf
17, 3, -90.177902, 157.500000, 0.130124, 6x, 0, 0.100000, hrf
17, 4, 10.931561, 157.500000, 0.400133, 6x, 0, 0.100000, hrf
17, 5, -12.127392, 157.500000, 0.743374, 6x, 0, 0.100000, hrf
17, 6, -21.140343, 157.500000, 0.984349, 6x, 0, 0.100000, hrf
18, 1, 0.000000, 45.000000, 0.250190, 6x, 0, 0.100000, delay
18, 2, -87.999703, 45.000000, 0.250027, 6x, 0, 0.100000, delay
18, 3, -39.916744, 45.000000, 0.067628, 6x, 0, 0.100000, delay
18, 4, 35.217663, 45.000000, 0.834718, 6x, 0, 0.100000, delay
18, 5, 38.319474, 45.000000, 0.901451, 6x, 0, 0.100000, delay
19, 1, 0.000000, 22.500000, 0.499219, 6x, 0, 0.100000, hrf
19, 2, -35.037771, 22.500000, 0.191124, 6x, 0, 0.100000, hrf
19, 3, 38.076119, 22.500000, 0.569373, 6x, 0, 0.100000, hrf
19, 4, 86.261323, 22.500000, 0.137551, 6x, 0, 0.100000, hrf
19, 5, 21.261491, 22.500000, 0.956377, 6x, 0, 0.100000, hrf
20, 1, 0.000000, 67.500000, 0.125282, 6x, 0, 0.100000, delay
20, 2, -49.057187, 67.500000, 0.130354, 6x, 0, 0.100000, delay
20, 3, 50.136164, 67.500000, 0.517603, 6x, 0, 0.100000, delay
20, 4, 91.184107, 67.500000, 0.499924, 6x, 0, 0.100000, delay
20, 5, 78.155773, 67.500000, 0.669985, 6x, 0, 0.100000, delay
20, 6, 70.115952, 67.500000, 0.966651, 6x, 0, 0.100000, delay
21, 1, 0.000000, 112.500000, 0.148383, 6x, 0, 0.100000, blur
21, 2, -85.066887, 112.500000, 0.500973, 6x, 0, 0.100000, blur
21, 3, -117.106599, 112.500000, 0.263368, 6x, 0, 0.100000, blur
21, 4, -74.107095, 112.500000, 0.754344, 6x, 0, 0.100000, blur
21, 5, -70.130731, 112.500000, 0.919164, 6x, 0, 0.100000, blur
22, 1, 0.000000, 112.500000, 0.128776, 6x, 0, 0.100000, hrf
22, 2, -92.103721, 112.500000, 0.500896, 6x, 0, 0.100000, hrf
22, 3, -66.998196, 112.500000, 0.947011, 6x, 0, 0.100000, hrf
23, 1, 0.000000, 67.500000, 0.143552, 6x, 0, 0.100000, blur
23, 2, -90.120930, 67.500000, 0.496641, 6x, 0, 0.100000, blur
23, 3, -69.090272, 67.500000, 0.288686, 6x, 0, 0.100000, blur
23, 4, -123.252040, 67.500000, 0.699952, 6x, 0, 0.100000, blur
23, 5, -135.155089, 67.500000, 0.508933, 6x, 0, 0.100000, blur
23, 6, -119.163979, 67.500000, 0.807784, 6x, 0, 0.100000, blur
23, 7, -114.036615, 67.500000, 0.814348, 6x, 0, 0.100000, blur
23, 8, -109.932079, 67.500000, 0.733942, 6x, 0, 0.100000, blur
23, 9, -114.897203, 67.500000, 0.808156, 6x, 0, 0.100000, blur
23, 10, -120.937201, 67.500000, 0.691602, 6x, 0, 0.100000, blur
23, 11, -116.962824, 67.500000, 0.865653, 6x, 0, 0.100000, blur
24, 1, 0.000000, 135.000000, 0.251373, 6x, 0, 0.100000, delay
24, 2, -89.045060, 135.000000, 0.252520, 6x, 0, 0.100000, delay
24, 3, -43.096093, 135.000000, 0.990770, 6x, 0, 0.100000, delay
25, 1, 0.000000, 135.000000, 0.253704, 6x, 0, 0.100000, hrf
25, 2, -89.094360, 135.000000, 0.259359, 6x, 0, 0.100000, hrf
25, 3, -43.915312, 135.000000, 0.935927, 6x, 0, 0.100000, hrf
26, 1, 0.000000, 157.500000, 0.490749, 6x, 0, 0.100000, blur
26, 2, 11.921802, 157.500000, 0.414383, 6x, 0, 0.100000, blur
26, 3, -8.068373, 157.500000, 0.589729, 6x, 0, 0.100000, blur
26, 4, -33.114923, 157.500000, 0.723221, 6x, 0, 0.100000, blur
26, 5, -39.116583, 157.500000, 0.562987, 6x, 0, 0.100000, blur
26, 6, -30.105037, 157.500000, 0.669540, 6x, 0, 0.100000, blur
26, 7, -27.006064, 157.500000, 0.870820, 6x, 0, 0.100000, blur
27, 1, 0.000000, 67.500000, 0.125307, 6x, 0, 0.100000, delay
27, 2, -90.078673, 67.500000, 0.500567, 6x, 0, 0.100000, delay
27, 3, -127.110283, 67.500000, 0.557222, 6x, 0, 0.100000, delay
27, 4, -118.065521, 67.500000, 0.912322, 6x, 0, 0.100000, delay
28, 1, 0.000000, 22.500000, 0.481162, 6x, 0, 0.100000, blur
28, 2, -9.972771, 22.500000, 0.412353, 6x, 0, 0.100000, blur
28, 3, 26.127476, 22.500000, 0.790947, 6x, 0, 0.100000, blur
28, 4, 28.134762, 22.500000, 0.821592, 6x, 0, 0.100000, blur
28, 5, 32.141543, 22.500000, 0.686480, 6x, 0, 0.100000, blur
28, 6, 29.015907, 22.500000, 0.725771, 6x, 0, 0.100000, blur
28, 7, 21.231204, 22.500000, 0.883588, 6x, 0, 0.100000, blur
29, 1, 0.000000, 157.500000, 0.504331, 6x, 0, 0.100000, hrf
29, 2, -14.977111, 157.500000, 0.907728, 6x, 0, 0.100000, hrf
30, 1, 0.000000, 157.500000, 0.500738, 6x, 0, 0.100000, delay
30, 2, -17.980507, 157.500000, 0.962413, 6x, 0, 0.100000, delay
31, 1, 0.000000, 90.000000, 0.087875, 6x, 0, 0.100000, blur
31, 2, -91.064552, 90.000000, 0.895130, 6x, 0, 0.100000, blur
32, 1, 0.000000, 90.000000, 0.063358, 6x, 0, 0.100000, delay
32, 2, -94.033977, 90.000000, 0.978885, 6x, 0, 0.100000, delay
33, 1, 0.000000, 45.000000, 0.248746, 6x, 0, 0.100000, hrf
33, 2, -47.119283, 45.000000, 0.065968, 6x, 0, 0.100000, hrf
33, 3, -139.287390, 45.000000, 0.897114, 6x, 0, 0.100000, hrf
34, 1, 0.000000, 45.000000, 0.250752, 6x, 0, 0.100000, delay
34, 2, -56.155114, 45.000000, 0.092203, 6x, 0, 0.100000, delay
34, 3, 55.966478, 45.000000, 0.770737, 6x, 0, 0.100000, delay
34, 4, 61.021526, 45.000000, 0.544453, 6x, 0, 0.100000, delay
34, 5, 49.962462, 45.000000, 0.951979, 6x, 0, 0.100000, delay
35, 1, 0.000000, 67.500000, 0.128468, 6x, 0, 0.100000, hrf
35, 2, -87.115204, 67.500000, 0.496941, 6x, 0, 0.100000, hrf
35, 3, -103.035348, 67.500000, 0.703950, 6x, 0, 0.100000, hrf
35, 4, -110.072050, 67.500000, 0.901974, 6x, 0, 0.100000, hrf
36, 1, 0.000000, 112.500000, 0.130643, 6x, 0, 0.100000, blur
36, 2, -103.118105, 112.500000, 0.343063, 6x, 0, 0.100000, blur
36, 3, -68.184230, 112.500000, 0.810805, 6x, 0, 0.100000, blur
36, 4, -65.153565, 112.500000, 0.895782, 6x, 0, 0.100000, blur
37, 1, 0.000000, 135.000000, 0.271651, 6x, 0, 0.100000, blur
37, 2, -51.063032, 135.000000, 0.769389, 6x, 0, 0.100000, blur
37, 3, -61.117291, 135.000000, 0.590199, 6x, 0, 0.100000, blur
37, 4, -44.175477, 135.000000, 0.903215, 6x, 0, 0.100000, blur
38, 1, 0.000000, 22.500000, 0.503210, 6x, 0, 0.100000, hrf
38, 2, 6.005095, 22.500000, 0.512621, 6x, 0, 0.100000, hrf
38, 3, -16.023323, 22.500000, 0.274124, 6x, 0, 0.100000, hrf
38, 4, 33.138495, 22.500000, 0.635226, 6x, 0, 0.100000, hrf
38, 5, 39.109455, 22.500000, 0.543735, 6x, 0, 0.100000, hrf
38, 6, 30.080751, 22.500000, 0.869504, 6x, 0, 0.100000, hrf
39, 1, 0.000000, 22.500000, 0.500827, 6x, 0, 0.100000, delay
39, 2, -12.941214, 22.500000, 0.342606, 6x, 0, 0.100000, delay
39, 3, 17.229915, 22.500000, 0.950239, 6x, 0, 0.100000, delay
40, 1, 0.000000, 45.000000, 0.258434, 6x, 0, 0.100000, blur
40, 2, -42.037538, 45.000000, 0.099350, 6x, 0, 0.100000, blur
40, 3, 49.072278, 45.000000, 0.839931, 6x, 0, 0.100000, blur
40, 4, 51.112052, 45.000000, 0.806654, 6x, 0, 0.100000, blur
40, 5, 43.327900, 45.000000, 0.822131, 6x, 0, 0.100000, blur
40, 6, 40.322419, 45.000000, 0.887388, 6x, 0, 0.100000, blur
41, 1, 0.000000, 112.500000, 0.125726, 6x, 0, 0.100000, delay
41, 2, -88.087410, 112.500000, 0.505534, 6x, 0, 0.100000, delay
41, 3, -105.028788, 112.500000, 0.305299, 6x, 0, 0.100000, delay
41, 4, -73.882809, 112.500000, 0.919081, 6x, 0, 0.100000, delay
42, 1, 0.000000, 90.000000, 0.065819, 6x, 0, 0.100000, hrf
42, 2, -90.274321, 90.000000, 0.968847, 6x, 0, 0.100000, hrf
43, 1, 0.000000, 90.000000, 0.071043, 6x, 0, 0.100000, hrf
43, 2, -91.071065, 90.000000, 0.974299, 6x, 0, 0.100000, hrf
44, 1, 0.000000, 45.000000, 0.250774, 6x, 0, 0.100000, delay
44, 2, -57.045778, 45.000000, 0.103429, 6x, 0, 0.100000, delay
44, 3, 48.116353, 45.000000, 0.975936, 6x, 0, 0.100000, delay
45, 1, 0.000000, 157.500000, 0.500468, 6x, 0, 0.100000, blur
45, 2, -21.024794, 157.500000, 0.857862, 6x, 0, 0.100000, blur
46, 1, 0.000000, 45.000000, 0.267733, 6x, 0, 0.100000, blur
46, 2, -47.941322, 45.000000, 0.101727, 6x, 0, 0.100000, blur
46, 3, 57.133957, 45.000000, 0.591022, 6x, 0, 0.100000, blur
46, 4, 62.219760, 45.000000, 0.557121, 6x, 0, 0.100000, blur
46, 5, 45.249144, 45.000000, 0.927415, 6x, 0, 0.100000, blur
47, 1, 0.000000, 157.500000, 0.502781, 6x, 0, 0.100000, delay
47, 2, -17.016969, 157.500000, 0.946593, 6x, 0, 0.100000, delay
48, 1, 0.000000, 157.500000, 0.500031, 6x, 0, 0.100000, hrf
48, 2, 7.011284, 157.500000, 0.469280, 6x, 0, 0.100000, hrf
48, 3, -11.118763, 157.500000, 0.637813, 6x, 0, 0.100000, hrf
48, 4, -19.082590, 157.500000, 0.948318, 6x, 0, 0.100000, hrf
49, 1, 0.000000, 112.500000, 0.135228, 6x, 0, 0.100000, blur
49, 2, -62.991583, 112.500000, 0.829896, 6x, 0, 0.100000, blur
49, 3, -67.032301, 112.500000, 0.916053, 6x, 0, 0.100000, blur
50, 1, 0.000000, 135.000000, 0.252957, 6x, 0, 0.100000, hrf
50, 2, -53.977502, 135.000000, 0.844386, 6x, 0, 0.100000, hrf
50, 3, -60.026400, 135.000000, 0.553338, 6x, 0, 0.100000, hrf
50, 4, -46.074576, 135.000000, 0.974670, 6x, 0, 0.100000, hrf
51, 1, 0.000000, 90.000000, 0.063333, 6x, 0, 0.100000, delay
51, 2, -88.086959, 90.000000, 0.992959, 6x, 0, 0.100000, delay
52, 1, 0.000000, 135.000000, 0.258054, 6x, 0, 0.100000, blur
52, 2, -58.062285, 135.000000, 0.680453, 6x, 0, 0.100000, blur
52, 3, -63.067458, 135.000000, 0.484251, 6x, 0, 0.100000, blur
52, 4, -42.052960, 135.000000, 0.915549, 6x, 0, 0.100000, blur
53, 1, 0.000000, 67.500000, 0.125411, 6x, 0, 0.100000, delay
53, 2, -74.012620, 67.500000, 0.293525, 6x, 0, 0.100000, delay
53, 3, -125.994759, 67.500000, 0.645273, 6x, 0, 0.100000, delay
53, 4, -132.972030, 67.500000, 0.502870, 6x, 0, 0.100000, delay
53, 5, -115.953213, 67.500000, 0.958932, 6x, 0, 0.100000, delay
54, 1, 0.000000, 112.500000, 0.126741, 6x, 0, 0.100000, hrf
54, 2, -80.075992, 112.500000, 0.621537, 6x, 0, 0.100000, hrf
54, 3, -94.105984, 112.500000, 0.497155, 6x, 0, 0.100000, hrf
54, 4, -73.039224, 112.500000, 0.922931, 6x, 0, 0.100000, hrf
55, 1, 0.000000, 67.500000, 0.127438, 6x, 0, 0.100000, hrf
55, 2, -90.097302, 67.500000, 0.500169, 6x, 0, 0.100000, hrf
55, 3, -106.119490, 67.500000, 0.893283, 6x, 0, 0.100000, hrf
56, 1, 0.000000, 22.500000, 0.500459, 6x, 0, 0.100000, delay
56, 2, -18.014977, 22.500000, 0.258428, 6x, 0, 0.100000, delay
56, 3, 28.113567, 22.500000, 0.939443, 6x, 0, 0.100000, delay
57, 1, 0.000000, 67.500000, 0.131545, 6x, 0, 0.100000, blur
57, 2, -87.986904, 67.500000, 0.515631, 6x, 0, 0.100000, blur
57, 3, -102.995791, 67.500000, 0.606740, 6x, 0, 0.100000, blur
57, 4, -118.988569, 67.500000, 0.759873, 6x, 0, 0.100000, blur
57, 5, -125.045979, 67.500000, 0.670569, 6x, 0, 0.100000, blur
57, 6, -114.041679, 67.500000, 0.797888, 6x, 0, 0.100000, blur
57, 7, -109.037800, 67.500000, 0.789800, 6x, 0, 0.100000, blur
57, 8, -112.040187, 67.500000, 0.872510, 6x, 0, 0.100000, blur
58, 1, 0.000000, 90.000000, 0.078589, 6x, 0, 0.100000, blur
58, 2, -90.994237, 90.000000, 0.870478, 6x, 0, 0.100000, blur
59, 1, 0.000000, 112.500000, 0.125741, 6x, 0, 0.100000, delay
59, 2, -78.086952, 112.500000, 0.752672, 6x, 0, 0.100000, delay
59, 3, -82.164205, 112.500000, 0.528931, 6x, 0, 0.100000, delay
59, 4, -74.148812, 112.500000, 0.872098, 6x, 0, 0.100000, delay
60, 1, 0.000000, 22.500000, 0.505683, 6x, 0, 0.100000, hrf
60, 2, -47.955921, 22.500000, 0.133302, 6x, 0, 0.100000, hrf
60, 3, 41.195573, 22.500000, 0.510628, 6x, 0, 0.100000, hrf
60, 4, 44.207695, 22.500000, 0.515357, 6x, 0, 0.100000, hrf
60, 5, 58.130629, 22.500000, 0.379076, 6x, 0, 0.100000, hrf
60, 6, 30.088985, 22.500000, 0.748818, 6x, 0, 0.100000, hrf
60, 7, 27.001587, 22.500000, 0.938191, 6x, 0, 0.100000, hrf
61, 1, 0.000000, 45.000000, 0.253170, 6x, 0, 0.100000, hrf
61, 2, -50.088155, 45.000000, 0.084230, 6x, 0, 0.100000, hrf
61, 3, -132.070501, 45.000000, 0.925999, 6x, 0, 0.100000, hrf
62, 1, 0.000000, 135.000000, 0.250986, 6x, 0, 0.100000, delay
62, 2, -41.132921, 135.000000, 0.970165, 6x, 0, 0.100000, delay
63, 1, 0.088759, 22.500000, 0.494457, 6x, 0, 0.100000, blur
63, 2, -18.886263, 22.500000, 0.308954, 6x, 0, 0.100000, blur
63, 3, 18.086696, 22.500000, 0.847172, 6x, 0, 0.100000, blur
63, 4, 20.107638, 22.500000, 0.884783, 6x, 0, 0.100000, blur
