target_num, trial_num, angle, target_angle, score, feedback_timing, visible_bool, noise_std, impulse_response
1, 1, 24.113304, 22.500000, 0.964264, 6x, 1, 0.100000, hrf
2, 1, -42.097910, 135.000000, 0.893401, 6x, 1, 0.100000, blur
3, 1, -23.079200, 157.500000, 0.991486, 6x, 1, 0.100000, delay
4, 1, 24.062626, 67.500000, 0.266016, 6x, 0, 0.100000, hrf
4, 2, 82.038738, 67.500000, 0.624918, 6x, 0, 0.100000, hrf
4, 3, 133.224221, 67.500000, 0.129572, 6x, 0, 0.100000, hrf
4, 4, 84.094638, 67.500000, 0.528430, 6x, 0, 0.100000, hrf
4, 5, 65.048802, 67.500000, 0.932238, 6x, 0, 0.100000, hrf
5, 1, 0.000000, 90.000000, 0.076393, 6x, 0, 0.100000, blur
5, 2, -38.005347, 90.000000, 0.228557, 6x, 0, 0.100000, blur
5, 3, -89.889529, 90.000000, 0.878222, 6x, 0, 0.100000, blur
6, 1, -89.065639, 22.500000, 0.125307, 6x, 0, 0.100000, delay
6, 2, 0.126909, 22.500000, 0.501623, 6x, 0, 0.100000, delay
6, 3, 16.235331, 22.500000, 0.908413, 6x, 0, 0.100000, delay
7, 1, -37.187058, 135.000000, 0.901781, 6x, 0, 0.100000, delay
8, 1, -138.074441, 157.500000, 0.142284, 6x, 0, 0.100000, hrf
8, 2, -213.201408, 157.500000, 0.669816, 6x, 0, 0.100000, hrf
8, 3, -238.216525, 157.500000, 0.331463, 6x, 0, 0.100000, hrf
8, 4, -212.239412, 157.500000, 0.843018, 6x, 0, 0.100000, hrf
8, 5, -204.242028, 157.500000, 0.961865, 6x, 0, 0.100000, hrf
9, 1, 38.027573, 22.500000, 0.550310, 6x, 0, 0.100000, blur
9, 2, 88.057520, 22.500000, 0.177263, 6x, 0, 0.100000, blur
9, 3, 8.904364, 22.500000, 0.593994, 6x, 0, 0.100000, blur
9, 4, -1.086542, 22.500000, 0.496691, 6x, 0, 0.100000, blur
9, 5, 6.978501, 22.500000, 0.568548, 6x, 0, 0.100000, blur
9, 6, 18.714191, 22.500000, 0.809115, 6x, 0, 0.100000, blur
9, 7, 24.670433, 22.500000, 0.896690, 6x, 0, 0.100000, blur
10, 1, 87.032236, 67.500000, 0.508745, 6x, 0, 0.100000, delay
10, 2, 110.956532, 67.500000, 0.252808, 6x, 0, 0.100000, delay
10, 3, 74.786787, 67.500000, 0.842579, 6x, 0, 0.100000, delay
10, 4, 66.882140, 67.500000, 0.985001, 6x, 0, 0.100000, delay
11, 1, 36.150066, 67.500000, 0.369904, 6x, 0, 0.100000, blur
11, 2, 68.083117, 67.500000, 0.780081, 6x, 0, 0.100000, blur
11, 3, 86.076186, 67.500000, 0.523571, 6x, 0, 0.100000, blur
11, 4, 77.997637, 67.500000, 0.612857, 6x, 0, 0.100000, blur
11, 5, 67.962312, 67.500000, 0.904791, 6x, 0, 0.100000, blur
12, 1, 0.000000, 135.000000, 0.258597, 6x, 0, 0.100000, hrf
12, 2, -42.104758, 135.000000, 0.919912, 6x, 0, 0.100000, hrf
13, 1, 0.000000, 157.500000, 0.507649, 6x, 0, 0.100000, blur
13, 2, -41.161832, 157.500000, 0.532044, 6x, 0, 0.100000, blur
13, 3, -22.099775, 157.500000, 0.896041, 6x, 0, 0.100000, blur
14, 1, 0.000000, 45.000000, 0.250916, 6x, 0, 0.100000, delay
14, 2, 47.998129, 45.000000, 0.982158, 6x, 0, 0.100000, delay
15, 1, 0.000000, 45.000000, 0.251589, 6x, 0, 0.100000, hrf
15, 2, 50.169015, 45.000000, 0.869442, 6x, 0, 0.100000, hrf
16, 1, 0.000000, 112.500000, 0.126990, 6x, 0, 0.100000, hrf
16, 2, 78.212791, 112.500000, 0.423424, 6x, 0, 0.100000, hrf
16, 3, 48.111010, 112.500000, 0.149321, 6x, 0, 0.100000, hrf
16, 4, 130.246467, 112.500000, 0.513120, 6x, 0, 0.100000, hrf
16, 5, 158.168020, 112.500000, 0.256532, 6x, 0, 0.100000, hrf
16, 6, 101.095022, 112.500000, 0.680417, 6x, 0, 0.100000, hrf
16, 7, 89.082294, 112.500000, 0.492337, 6x, 0, 0.100000, hrf
16, 8, 113.989641, 112.500000, 0.955803, 6x, 0, 0.100000, hrf
17, 1, 92.211332, 90.000000, 0.992538, 6x, 0, 0.100000, delay
18, 1, 0.000000, 112.500000, 0.146377, 6x, 0, 0.100000, blur
18, 2, 72.990300, 112.500000, 0.358401, 6x, 0, 0.100000, blur
18, 3, 44.956784, 112.500000, 0.179364, 6x, 0, 0.100000, blur
18, 4, 105.023047, 112.500000, 0.573163, 6x, 0, 0.100000, blur
18, 5, 124.044393, 112.500000, 0.655152, 6x, 0, 0.100000, blur
18, 6, 145.084512, 112.500000, 0.426188, 6x, 0, 0.100000, blur
18, 7, 135.020883, 112.500000, 0.502385, 6x, 0, 0.100000, blur
18, 8, 138.118416, 112.500000, 0.458068, 6x, 0, 0.100000, blur
18, 9, 116.041390, 112.500000, 0.833884, 6x, 0, 0.100000, blur
18, 10, 113.118628, 112.500000, 0.880731, 6x, 0, 0.100000, blur
19, 1, -89.193614, 45.000000, 0.270719, 6x, 0, 0.100000, blur
19, 2, -111.219047, 45.000000, 0.439585, 6x, 0, 0.100000, blur
19, 3, -152.285395, 45.000000, 0.606720, 6x, 0, 0.100000, blur
19, 4, -177.302731, 45.000000, 0.272664, 6x, 0, 0.100000, blur
19, 5, -156.329598, 45.000000, 0.509211, 6x, 0, 0.100000, blur
19, 6, -147.366824, 45.000000, 0.692380, 6x, 0, 0.100000, blur
19, 7, -135.384605, 45.000000, 0.872583, 6x, 0, 0.100000, blur
20, 1, 0.000000, 112.500000, 0.125659, 6x, 0, 0.100000, delay
20, 2, -41.936468, 112.500000, 0.496091, 6x, 0, 0.100000, delay
20, 3, -61.864168, 112.500000, 0.940451, 6x, 0, 0.100000, delay
21, 1, 0.000000, 90.000000, 0.064173, 6x, 0, 0.100000, hrf
21, 2, -86.094435, 90.000000, 0.921110, 6x, 0, 0.100000, hrf
22, 1, 0.000000, 157.500000, 0.494066, 6x, 0, 0.100000, blur
22, 2, 19.033990, 157.500000, 0.298183, 6x, 0, 0.100000, blur
22, 3, -24.064042, 157.500000, 0.822035, 6x, 0, 0.100000, blur
22, 4, -29.066032, 157.500000, 0.791417, 6x, 0, 0.100000, blur
22, 5, -12.138252, 157.500000, 0.813909, 6x, 0, 0.100000, blur
22, 6, -18.192699, 157.500000, 0.904712, 6x, 0, 0.100000, blur
23, 1, 0.000000, 90.000000, 0.066118, 6x, 0, 0.100000, hrf
23, 2, -89.978658, 90.000000, 0.967934, 6x, 0, 0.100000, hrf
24, 1, 0.000000, 135.000000, 0.250407, 6x, 0, 0.100000, delay
24, 2, -39.029840, 135.000000, 0.962814, 6x, 0, 0.100000, delay
25, 1, 0.000000, 135.000000, 0.255505, 6x, 0, 0.100000, hrf
25, 2, 42.031042, 135.000000, 0.069845, 6x, 0, 0.100000, hrf
25, 3, -42.127755, 135.000000, 0.927449, 6x, 0, 0.100000, hrf
26, 1, 0.000000, 90.000000, 0.095529, 6x, 0, 0.100000, blur
26, 2, 92.006862, 90.000000, 0.932004, 6x, 0, 0.100000, blur
27, 1, 0.000000, 112.500000, 0.125949, 6x, 0, 0.100000, delay
27, 2, -88.806974, 112.500000, 0.504039, 6x, 0, 0.100000, delay
27, 3, -103.819153, 112.500000, 0.353874, 6x, 0, 0.100000, delay
27, 4, -54.695384, 112.500000, 0.660037, 6x, 0, 0.100000, delay
27, 5, -46.650885, 112.500000, 0.501046, 6x, 0, 0.100000, delay
27, 6, -63.621595, 112.500000, 0.961349, 6x, 0, 0.100000, delay
28, 1, 0.000000, 22.500000, 0.500688, 6x, 0, 0.100000, hrf
28, 2, 22.892122, 22.500000, 0.941780, 6x, 0, 0.100000, hrf
29, 1, 0.000000, 112.500000, 0.158916, 6x, 0, 0.100000, blur
29, 2, -33.048855, 112.500000, 0.313397, 6x, 0, 0.100000, blur
29, 3, -90.065123, 112.500000, 0.508682, 6x, 0, 0.100000, blur
29, 4, -61.097084, 112.500000, 0.803629, 6x, 0, 0.100000, blur
29, 5, -53.066189, 112.500000, 0.581979, 6x, 0, 0.100000, blur
29, 6, -64.082742, 112.500000, 0.830709, 6x, 0, 0.100000, blur
29, 7, -68.121162, 112.500000, 0.880520, 6x, 0, 0.100000, blur
30, 1, 0.000000, 90.000000, 0.063293, 6x, 0, 0.100000, delay
30, 2, 93.171949, 90.000000, 0.984079, 6x, 0, 0.100000, delay
31, 1, 0.000000, 112.500000, 0.126655, 6x, 0, 0.100000, hrf
31, 2, -85.064696, 112.500000, 0.548625, 6x, 0, 0.100000, hrf
31, 3, -70.106977, 112.500000, 0.879249, 6x, 0, 0.100000, hrf
32, 1, 0.000000, 67.500000, 0.143063, 6x, 0, 0.100000, blur
32, 2, -91.111583, 67.500000, 0.500264, 6x, 0, 0.100000, blur
32, 3, -109.155991, 67.500000, 0.774461, 6x, 0, 0.100000, blur
32, 4, -125.179068, 67.500000, 0.626792, 6x, 0, 0.100000, blur
32, 5, -121.138051, 67.500000, 0.614895, 6x, 0, 0.100000, blur
32, 6, -120.155587, 67.500000, 0.653799, 6x, 0, 0.100000, blur
32, 7, -114.230642, 67.500000, 0.861160, 6x, 0, 0.100000, blur
33, 1, 0.000000, 45.000000, 0.250955, 6x, 0, 0.100000, delay
33, 2, 23.024548, 45.000000, 0.502109, 6x, 0, 0.100000, delay
33, 3, 40.110799, 45.000000, 0.946313, 6x, 0, 0.100000, delay
34, 1, 0.000000, 135.000000, 0.252451, 6x, 0, 0.100000, blur
34, 2, -31.863377, 135.000000, 0.650905, 6x, 0, 0.100000, blur
34, 3, -41.881474, 135.000000, 0.884137, 6x, 0, 0.100000, blur
35, 1, 0.000000, 22.500000, 0.500048, 6x, 0, 0.100000, delay
35, 2, 16.224139, 22.500000, 0.933512, 6x, 0, 0.100000, delay
36, 1, 0.000000, 157.500000, 0.508971, 6x, 0, 0.100000, hrf
36, 2, -18.083235, 157.500000, 0.906890, 6x, 0, 0.100000, hrf
37, 1, 0.000000, 157.500000, 0.501205, 6x, 0, 0.100000, delay
37, 2, 11.018894, 157.500000, 0.398933, 6x, 0, 0.100000, delay
37, 3, -12.981224, 157.500000, 0.741491, 6x, 0, 0.100000, delay
37, 4, -20.282427, 157.500000, 0.985798, 6x, 0, 0.100000, delay
38, 1, 0.000000, 45.000000, 0.273666, 6x, 0, 0.100000, blur
38, 2, 23.882118, 45.000000, 0.521057, 6x, 0, 0.100000, blur
38, 3, 42.021271, 45.000000, 0.824637, 6x, 0, 0.100000, blur
38, 4, 48.029978, 45.000000, 0.868238, 6x, 0, 0.100000, blur
39, 1, 0.000000, 67.500000, 0.129233, 6x, 0, 0.100000, hrf
39, 2, -90.207967, 67.500000, 0.504266, 6x, 0, 0.100000, hrf
39, 3, -117.115875, 67.500000, 0.928729, 6x, 0, 0.100000, hrf
40, 1, 0.000000, 22.500000, 0.497112, 6x, 0, 0.100000, blur
40, 2, -18.931465, 22.500000, 0.297376, 6x, 0, 0.100000, blur
40, 3, 20.183714, 22.500000, 0.839094, 6x, 0, 0.100000, blur
40, 4, 24.231335, 22.500000, 0.883883, 6x, 0, 0.100000, blur
41, 1, 0.000000, 67.500000, 0.125667, 6x, 0, 0.100000, delay
41, 2, 90.190706, 67.500000, 0.500808, 6x, 0, 0.100000, delay
41, 3, 72.374939, 67.500000, 0.952230, 6x, 0, 0.100000, delay
42, 1, 0.000000, 45.000000, 0.251969, 6x, 0, 0.100000, hrf
42, 2, -42.994262, 45.000000, 0.069296, 6x, 0, 0.100000, hrf
42, 3, 44.179731, 45.000000, 0.944834, 6x, 0, 0.100000, hrf
43, 1, 0.000000, 22.500000, 0.506535, 6x, 0, 0.100000, hrf
43, 2, -25.803957, 22.500000, 0.248272, 6x, 0, 0.100000, hrf
43, 3, 31.364643, 22.500000, 0.615954, 6x, 0, 0.100000, hrf
43, 4, 50.460439, 22.500000, 0.490935, 6x, 0, 0.100000, hrf
43, 5, 42.491291, 22.500000, 0.518539, 6x, 0, 0.100000, hrf
43, 6, 33.446170, 22.500000, 0.753643, 6x, 0, 0.100000, hrf
43, 7, 26.447590, 22.500000, 0.905050, 6x, 0, 0.100000, hrf
44, 1, 0.000000, 67.500000, 0.134232, 6x, 0, 0.100000, blur
44, 2, -91.282347, 67.500000, 0.482483, 6x, 0, 0.100000, blur
44, 3, -111.328816, 67.500000, 0.881511, 6x, 0, 0.100000, blur
45, 1, 0.000000, 45.000000, 0.250480, 6x, 0, 0.100000, delay
45, 2, -50.124476, 45.000000, 0.066882, 6x, 0, 0.100000, delay
45, 3, -165.110048, 45.000000, 0.445325, 6x, 0, 0.100000, delay
45, 4, -137.233871, 45.000000, 0.988031, 6x, 0, 0.100000, delay
46, 1, 0.000000, 67.500000, 0.129394, 6x, 0, 0.100000, hrf
46, 2, -88.072710, 67.500000, 0.489427, 6x, 0, 0.100000, hrf
46, 3, -115.086320, 67.500000, 0.906273, 6x, 0, 0.100000, hrf
47, 1, 0.000000, 157.500000, 0.509691, 6x, 0, 0.100000, blur
47, 2, 19.074891, 157.500000, 0.310937, 6x, 0, 0.100000, blur
47, 3, -23.944119, 157.500000, 0.898407, 6x, 0, 0.100000, blur
48, 1, 0.000000, 112.500000, 0.125516, 6x, 0, 0.100000, delay
48, 2, -87.131888, 112.500000, 0.508366, 6x, 0, 0.100000, delay
48, 3, -60.113466, 112.500000, 0.888571, 6x, 0, 0.100000, delay
49, 1, 0.000000, 157.500000, 0.500938, 6x, 0, 0.100000, delay
49, 2, -17.056093, 157.500000, 0.933605, 6x, 0, 0.100000, delay
50, 1, 0.000000, 90.000000, 0.067281, 6x, 0, 0.100000, hrf
50, 2, -89.247599, 90.000000, 0.970009, 6x, 0, 0.100000, hrf
51, 1, 0.000000, 45.000000, 0.249354, 6x, 0, 0.100000, blur
51, 2, 15.991933, 45.000000, 0.510531, 6x, 0, 0.100000, blur
51, 3, 35.003859, 45.000000, 0.634108, 6x, 0, 0.100000, blur
51, 4, 26.997184, 45.000000, 0.497753, 6x, 0, 0.100000, blur
51, 5, 66.040589, 45.000000, 0.474343, 6x, 0, 0.100000, blur
51, 6, 55.107522, 45.000000, 0.575338, 6x, 0, 0.100000, blur
51, 7, 44.147559, 45.000000, 0.877743, 6x, 0, 0.100000, blur
52, 1, 0.000000, 112.500000, 0.138939, 6x, 0, 0.100000, blur
52, 2, -89.256144, 112.500000, 0.498590, 6x, 0, 0.100000, blur
52, 3, -121.106028, 112.500000, 0.269393, 6x, 0, 0.100000, blur
52, 4, -55.031198, 112.500000, 0.574071, 6x, 0, 0.100000, blur
52, 5, -34.845086, 112.500000, 0.417439, 6x, 0, 0.100000, blur
52, 6, -69.675819, 112.500000, 0.883406, 6x, 0, 0.100000, blur
53, 1, 0.000000, 67.500000, 0.125711, 6x, 0, 0.100000, delay
53, 2, -87.277962, 67.500000, 0.496228, 6x, 0, 0.100000, delay
53, 3, -70.161555, 67.500000, 0.257869, 6x, 0, 0.100000, delay
53, 4, -116.283722, 67.500000, 0.967388, 6x, 0, 0.100000, delay
54, 1, 0.000000, 45.000000, 0.253448, 6x, 0, 0.100000, hrf
54, 2, -59.021566, 45.000000, 0.120209, 6x, 0, 0.100000, hrf
54, 3, 53.269845, 45.000000, 0.851654, 6x, 0, 0.100000, hrf
55, 1, 0.000000, 135.000000, 0.252965, 6x, 0, 0.100000, hrf
55, 2, 42.989904, 135.000000, 0.069427, 6x, 0, 0.100000, hrf
55, 3, -39.095908, 135.000000, 0.944139, 6x, 0, 0.100000, hrf
56, 1, 0.000000, 135.000000, 0.250914, 6x, 0, 0.100000, delay
56, 2, 44.999068, 135.000000, 0.063777, 6x, 0, 0.100000, delay
56, 3, -42.210968, 135.000000, 0.980886, 6x, 0, 0.100000, delay
57, 1, 0.000000, 135.000000, 0.262736, 6x, 0, 0.100000, blur
57, 2, 49.166273, 135.000000, 0.103539, 6x, 0, 0.100000, blur
57, 3, -40.824451, 135.000000, 0.750532, 6x, 0, 0.100000, blur
57, 4, -55.844402, 135.000000, 0.710464, 6x, 0, 0.100000, blur
57, 5, -31.563148, 135.000000, 0.663549, 6x, 0, 0.100000, blur
57, 6, -37.639286, 135.000000, 0.817275, 6x, 0, 0.100000, blur
57, 7, -42.719776, 135.000000, 0.928516, 6x, 0, 0.100000, blur
58, 1, 0.000000, 90.000000, 0.087958, 6x, 0, 0.100000, blur
58, 2, -90.958702, 90.000000, 0.908112, 6x, 0, 0.100000, blur
59, 1, 0.000000, 157.500000, 0.504181, 6x, 0, 0.100000, hrf
59, 2, 18.011289, 157.500000, 0.273276, 6x, 0, 0.100000, hrf
59, 3, 35.915201, 157.500000, 0.158401, 6x, 0, 0.100000, hrf
59, 4, -53.298727, 157.500000, 0.457975, 6x, 0, 0.100000, hrf
59, 5, -38.512543, 157.500000, 0.528107, 6x, 0, 0.100000, hrf
59, 6, -25.474131, 157.500000, 0.928831, 6x, 0, 0.100000, hrf
60, 1, 0.000000, 90.000000, 0.063439, 6x, 0, 0.100000, delay
60, 2, -89.273557, 90.000000, 0.991677, 6x, 0, 0.100000, delay
61, 1, 0.000000, 112.500000, 0.131339, 6x, 0, 0.100000, hrf
61, 2, -94.083264, 112.500000, 0.487534, 6x, 0, 0.100000, hrf
61, 3, -118.095467, 112.500000, 0.279384, 6x, 0, 0.100000, hrf
61, 4, -62.197266, 112.500000, 0.913189, 6x, 0, 0.100000, hrf
62, 1, 0.000000, 22.500000, 0.500223, 6x, 0, 0.100000, delay
62, 2, 32.006026, 22.500000, 0.854230, 6x, 0, 0.100000, delay
63, 1, 0.000000, 22.500000, 0.483071, 6x, 0, 0.100000, blur
63, 2, 14.997654, 22.500000, 0.670809, 6x, 0, 0.100000, blur
63, 3, 34.076160, 22.500000, 0.632111, 6x, 0, 0.100000, blur
63, 4, 26.007240, 22.500000, 0.901191, 6x, 0, 0.100000, blur
